ann	chrom	start	stop	ISAba11_1	ISAba11_2	ISAba12_1	ISAba12_2	ISAcsp3	ISAba18	ISAba1	ISAba11	ISAba12
us_AUO97b_01756<>us_AUO97b_01757	NODE_1_length_3909467_cov_533.478_ID_22129	1718925	1719335	1.0	0.0	0.0	0.0	0.0	0.0	0.0	0.0	0.0
AUO97b_03024	NODE_1_length_3909467_cov_533.478_ID_22129	3110995	3111729	1.0	0.0	0.0	0.0	0.0	0.0	0.0	0.0	0.0
AUO97b_02969	NODE_1_length_3909467_cov_533.478_ID_22129	3043400	3044446	1.0	0.0	0.0	0.0	0.0	0.0	0.0	1.0	0.0
AUO97b_00996	NODE_1_length_3909467_cov_533.478_ID_22129	872761	873989	1.0	0.0	0.0	0.0	0.0	0.0	0.0	0.0	0.0
AUO97b_00263	NODE_1_length_3909467_cov_533.478_ID_22129	122054	122278	1.0	0.0	0.0	0.0	0.0	0.0	0.0	0.0	0.0
AUO97b_01466	NODE_1_length_3909467_cov_533.478_ID_22129	1396512	1397042	1.0	0.0	0.0	0.0	0.0	0.0	0.0	0.0	0.0
AUO97b_01072	NODE_1_length_3909467_cov_533.478_ID_22129	953761	957447	1.0	6.0	0.0	0.0	0.0	0.0	0.0	0.0	0.0
AUO97b_03015	NODE_1_length_3909467_cov_533.478_ID_22129	3098550	3099929	1.0	0.0	0.0	0.0	0.0	0.0	0.0	0.0	0.0
AUO97b_03320	NODE_1_length_3909467_cov_533.478_ID_22129	3434275	3436308	1.0	0.0	0.0	0.0	0.0	0.0	0.0	0.0	0.0
AUO97b_02704	NODE_1_length_3909467_cov_533.478_ID_22129	2745381	2746265	1.0	0.0	0.0	0.0	0.0	0.0	0.0	0.0	0.0
AUO97b_02642	NODE_1_length_3909467_cov_533.478_ID_22129	2675962	2680478	1.0	0.0	0.0	0.0	0.0	0.0	0.0	0.0	0.0
us_AUO97b_00671<>us_AUO97b_00672	NODE_1_length_3909467_cov_533.478_ID_22129	526578	527033	1.0	0.0	0.0	0.0	0.0	0.0	0.0	0.0	0.0
us_AUO97b_01070<>ds_AUO97b_01071	NODE_1_length_3909467_cov_533.478_ID_22129	952097	952650	0.0	4.0	0.0	0.0	0.0	0.0	0.0	0.0	0.0
AUO97b_00976	NODE_1_length_3909467_cov_533.478_ID_22129	851599	852843	0.0	1.0	0.0	0.0	0.0	0.0	0.0	0.0	0.0
AUO97b_03039	NODE_1_length_3909467_cov_533.478_ID_22129	3126218	3128326	0.0	1.0	0.0	0.0	0.0	0.0	0.0	0.0	0.0
AUO97b_01760	NODE_1_length_3909467_cov_533.478_ID_22129	1721586	1722998	0.0	1.0	0.0	0.0	0.0	0.0	0.0	0.0	0.0
AUO97b_02198	NODE_1_length_3909467_cov_533.478_ID_22129	2211761	2212177	0.0	1.0	0.0	0.0	0.0	0.0	0.0	0.0	0.0
AUO97b_03181	NODE_1_length_3909467_cov_533.478_ID_22129	3295128	3296237	0.0	1.0	0.0	0.0	0.0	0.0	0.0	0.0	0.0
AUO97b_02035	NODE_1_length_3909467_cov_533.478_ID_22129	2031670	2032608	0.0	1.0	0.0	0.0	0.0	0.0	0.0	0.0	0.0
AUO97b_01338	NODE_1_length_3909467_cov_533.478_ID_22129	1251499	1252164	0.0	1.0	0.0	0.0	0.0	0.0	0.0	0.0	0.0
us_AUO97b_01071<>us_AUO97b_01072	NODE_1_length_3909467_cov_533.478_ID_22129	953614	953760	0.0	1.0	0.0	0.0	0.0	0.0	0.0	0.0	0.0
AUO97b_02323	NODE_1_length_3909467_cov_533.478_ID_22129	2338834	2339367	0.0	1.0	0.0	0.0	0.0	0.0	0.0	0.0	0.0
AUO97b_02168	NODE_1_length_3909467_cov_533.478_ID_22129	2183045	2183398	0.0	1.0	0.0	0.0	0.0	0.0	0.0	0.0	0.0
AUO97b_02904	NODE_1_length_3909467_cov_533.478_ID_22129	2983164	2983797	0.0	0.0	4.0	0.0	0.0	0.0	0.0	0.0	0.0
AUO97b_02306	NODE_1_length_3909467_cov_533.478_ID_22129	2322494	2323270	0.0	0.0	1.0	0.0	0.0	0.0	0.0	0.0	0.0
AUO97b_03014	NODE_1_length_3909467_cov_533.478_ID_22129	3096688	3098409	0.0	0.0	1.0	0.0	0.0	0.0	0.0	0.0	0.0
AUO97b_01316	NODE_1_length_3909467_cov_533.478_ID_22129	1226966	1228361	0.0	0.0	1.0	0.0	0.0	0.0	0.0	0.0	0.0
us_AUO97b_02904<>ds_AUO97b_02905	NODE_1_length_3909467_cov_533.478_ID_22129	2983798	2983893	0.0	0.0	2.0	0.0	0.0	0.0	0.0	0.0	0.0
AUO97b_02294	NODE_1_length_3909467_cov_533.478_ID_22129	2310346	2311343	0.0	0.0	2.0	0.0	0.0	0.0	0.0	0.0	0.0
AUO97b_00912	NODE_1_length_3909467_cov_533.478_ID_22129	767677	769347	0.0	0.0	1.0	0.0	0.0	0.0	0.0	0.0	0.0
AUO97b_00285	NODE_1_length_3909467_cov_533.478_ID_22129	142768	144336	0.0	0.0	1.0	0.0	0.0	0.0	0.0	0.0	0.0
AUO97b_00291	NODE_1_length_3909467_cov_533.478_ID_22129	147370	149449	0.0	0.0	2.0	0.0	0.0	0.0	0.0	0.0	7.0
AUO97b_03261	NODE_1_length_3909467_cov_533.478_ID_22129	3371853	3372764	0.0	0.0	1.0	0.0	0.0	0.0	0.0	0.0	0.0
AUO97b_00142	NODE_1_length_3909467_cov_533.478_ID_22129	353	1579	0.0	0.0	1.0	0.0	0.0	0.0	0.0	0.0	0.0
AUO97b_02905	NODE_1_length_3909467_cov_533.478_ID_22129	2983894	2984763	0.0	0.0	5.0	0.0	0.0	0.0	0.0	0.0	132.0
AUO97b_00946	NODE_1_length_3909467_cov_533.478_ID_22129	807489	808259	0.0	0.0	1.0	0.0	0.0	0.0	0.0	0.0	0.0
AUO97b_01622	NODE_1_length_3909467_cov_533.478_ID_22129	1568428	1569846	0.0	0.0	1.0	0.0	0.0	0.0	0.0	0.0	0.0
AUO97b_02228	NODE_1_length_3909467_cov_533.478_ID_22129	2233436	2234167	0.0	0.0	2.0	0.0	0.0	0.0	0.0	0.0	0.0
AUO97b_03564	NODE_1_length_3909467_cov_533.478_ID_22129	3679444	3681148	0.0	0.0	1.0	0.0	0.0	0.0	0.0	0.0	0.0
AUO97b_02505	NODE_1_length_3909467_cov_533.478_ID_22129	2525450	2527406	0.0	0.0	1.0	0.0	0.0	0.0	0.0	0.0	0.0
AUO97b_02907	NODE_1_length_3909467_cov_533.478_ID_22129	2985746	2987391	0.0	0.0	1.0	0.0	0.0	0.0	0.0	0.0	0.0
AUO97b_01090	NODE_1_length_3909467_cov_533.478_ID_22129	977027	977821	0.0	0.0	1.0	0.0	0.0	0.0	0.0	0.0	0.0
AUO97b_01277	NODE_1_length_3909467_cov_533.478_ID_22129	1177040	1177343	0.0	0.0	1.0	0.0	0.0	0.0	0.0	0.0	0.0
AUO97b_00836	NODE_1_length_3909467_cov_533.478_ID_22129	708244	708756	0.0	0.0	0.0	1.0	0.0	0.0	0.0	0.0	0.0
AUO97b_02332	NODE_1_length_3909467_cov_533.478_ID_22129	2349632	2350975	0.0	0.0	0.0	1.0	0.0	0.0	0.0	0.0	0.0
AUO97b_00307	NODE_1_length_3909467_cov_533.478_ID_22129	168214	169506	0.0	0.0	0.0	1.0	0.0	0.0	0.0	0.0	0.0
AUO97b_02178	NODE_1_length_3909467_cov_533.478_ID_22129	2191491	2192990	0.0	0.0	0.0	1.0	0.0	0.0	0.0	0.0	0.0
AUO97b_00177	NODE_1_length_3909467_cov_533.478_ID_22129	35417	37100	0.0	0.0	0.0	1.0	0.0	0.0	0.0	0.0	0.0
AUO97b_01852	NODE_1_length_3909467_cov_533.478_ID_22129	1824284	1825411	0.0	0.0	0.0	1.0	0.0	0.0	0.0	0.0	0.0
AUO97b_01685	NODE_1_length_3909467_cov_533.478_ID_22129	1641547	1645635	0.0	0.0	0.0	1.0	0.0	0.0	0.0	0.0	0.0
AUO97b_02527	NODE_1_length_3909467_cov_533.478_ID_22129	2550637	2551548	0.0	0.0	0.0	1.0	0.0	0.0	0.0	0.0	0.0
AUO97b_02605	NODE_1_length_3909467_cov_533.478_ID_22129	2638978	2640613	0.0	0.0	0.0	1.0	0.0	0.0	0.0	0.0	0.0
AUO97b_02900	NODE_1_length_3909467_cov_533.478_ID_22129	2980035	2980388	0.0	0.0	0.0	0.0	1.0	0.0	0.0	0.0	0.0
AUO97b_03172	NODE_1_length_3909467_cov_533.478_ID_22129	3284321	3285220	0.0	0.0	0.0	0.0	1.0	0.0	0.0	0.0	0.0
AUO97b_00179	NODE_1_length_3909467_cov_533.478_ID_22129	38096	38737	0.0	0.0	0.0	0.0	1.0	0.0	0.0	0.0	0.0
AUO97b_02771	NODE_1_length_3909467_cov_533.478_ID_22129	2827092	2828888	0.0	0.0	0.0	0.0	1.0	0.0	0.0	0.0	0.0
AUO97b_02901	NODE_1_length_3909467_cov_533.478_ID_22129	2980737	2980901	0.0	0.0	0.0	0.0	1.0	0.0	0.0	0.0	0.0
us_AUO97b_00163<>ds_AUO97b_00164	NODE_1_length_3909467_cov_533.478_ID_22129	23103	23914	0.0	0.0	0.0	0.0	1.0	0.0	0.0	0.0	0.0
AUO97b_02545	NODE_1_length_3909467_cov_533.478_ID_22129	2572938	2575688	0.0	0.0	0.0	0.0	1.0	0.0	0.0	0.0	0.0
AUO97b_01378	NODE_1_length_3909467_cov_533.478_ID_22129	1301960	1302940	0.0	0.0	0.0	0.0	1.0	0.0	0.0	0.0	0.0
AUO97b_03497	NODE_1_length_3909467_cov_533.478_ID_22129	3611448	3612458	0.0	0.0	0.0	0.0	1.0	0.0	0.0	0.0	0.0
AUO97b_01163	NODE_1_length_3909467_cov_533.478_ID_22129	1055646	1056692	0.0	0.0	0.0	0.0	1.0	0.0	0.0	0.0	0.0
AUO97b_02322	NODE_1_length_3909467_cov_533.478_ID_22129	2338221	2338784	0.0	0.0	0.0	0.0	1.0	0.0	0.0	0.0	0.0
ds_AUO97b_02902<>ds_AUO97b_02903	NODE_1_length_3909467_cov_533.478_ID_22129	2981341	2981576	0.0	0.0	0.0	0.0	2.0	0.0	0.0	0.0	0.0
AUO97b_02884	NODE_1_length_3909467_cov_533.478_ID_22129	2960726	2962345	0.0	0.0	0.0	0.0	1.0	0.0	0.0	0.0	0.0
AUO97b_02422	NODE_1_length_3909467_cov_533.478_ID_22129	2430803	2433220	0.0	0.0	0.0	0.0	1.0	0.0	0.0	0.0	0.0
AUO97b_02361	NODE_1_length_3909467_cov_533.478_ID_22129	2383029	2383855	0.0	0.0	0.0	0.0	1.0	0.0	0.0	0.0	0.0
AUO97b_02903	NODE_1_length_3909467_cov_533.478_ID_22129	2981577	2983152	0.0	0.0	0.0	0.0	1.0	0.0	0.0	0.0	0.0
ds_AUO97b_00233<>us_AUO97b_00234	NODE_1_length_3909467_cov_533.478_ID_22129	93785	93853	0.0	0.0	0.0	0.0	0.0	1.0	0.0	0.0	0.0
us_AUO97b_03361<>us_AUO97b_03362	NODE_1_length_3909467_cov_533.478_ID_22129	3484670	3484899	0.0	0.0	0.0	0.0	0.0	1.0	0.0	0.0	0.0
AUO97b_01938	NODE_1_length_3909467_cov_533.478_ID_22129	1921722	1924551	0.0	0.0	0.0	0.0	0.0	1.0	0.0	0.0	0.0
AUO97b_01763	NODE_1_length_3909467_cov_533.478_ID_22129	1724823	1725644	0.0	0.0	0.0	0.0	0.0	1.0	0.0	0.0	0.0
AUO97b_00233	NODE_1_length_3909467_cov_533.478_ID_22129	92513	93784	0.0	0.0	0.0	0.0	0.0	6.0	0.0	0.0	0.0
AUO97b_01775	NODE_1_length_3909467_cov_533.478_ID_22129	1738432	1739055	0.0	0.0	0.0	0.0	0.0	1.0	0.0	0.0	0.0
AUO97b_01989	NODE_1_length_3909467_cov_533.478_ID_22129	1978757	1979602	0.0	0.0	0.0	0.0	0.0	1.0	0.0	0.0	0.0
AUO97b_02935	NODE_1_length_3909467_cov_533.478_ID_22129	3007536	3009185	0.0	0.0	0.0	0.0	0.0	1.0	0.0	0.0	0.0
AUO97b_01688	NODE_1_length_3909467_cov_533.478_ID_22129	1647181	1647876	0.0	0.0	0.0	0.0	0.0	1.0	0.0	0.0	0.0
AUO97b_02090	NODE_1_length_3909467_cov_533.478_ID_22129	2091310	2094627	0.0	0.0	0.0	0.0	0.0	1.0	0.0	0.0	0.0
AUO97b_00304	NODE_1_length_3909467_cov_533.478_ID_22129	165426	165890	0.0	0.0	0.0	0.0	0.0	1.0	0.0	0.0	0.0
AUO97b_00234	NODE_1_length_3909467_cov_533.478_ID_22129	93854	94765	0.0	0.0	0.0	0.0	0.0	1.0	0.0	0.0	0.0
AUO97b_01656	NODE_1_length_3909467_cov_533.478_ID_22129	1605442	1607533	0.0	0.0	0.0	0.0	0.0	2.0	0.0	0.0	0.0
AUO97b_01765	NODE_1_length_3909467_cov_533.478_ID_22129	1726569	1727843	0.0	0.0	0.0	0.0	0.0	1.0	0.0	0.0	0.0
AUO97b_00235	NODE_1_length_3909467_cov_533.478_ID_22129	94813	95871	0.0	0.0	0.0	0.0	0.0	6.0	0.0	0.0	0.0
AUO97b_01393	NODE_1_length_3909467_cov_533.478_ID_22129	1314111	1314958	0.0	0.0	0.0	0.0	0.0	1.0	0.0	0.0	0.0
AUO97b_01097	NODE_1_length_3909467_cov_533.478_ID_22129	983456	984515	0.0	0.0	0.0	0.0	0.0	1.0	0.0	0.0	0.0
AUO97b_03367	NODE_1_length_3909467_cov_533.478_ID_22129	3489883	3492489	0.0	0.0	0.0	0.0	0.0	1.0	0.0	0.0	0.0
us_AUO97b_00464<>us_AUO97b_00465	NODE_1_length_3909467_cov_533.478_ID_22129	308610	308816	0.0	0.0	0.0	0.0	0.0	1.0	0.0	0.0	0.0
AUO97b_00434	NODE_1_length_3909467_cov_533.478_ID_22129	276394	278831	0.0	0.0	0.0	0.0	0.0	1.0	0.0	0.0	0.0
AUO97b_02896	NODE_1_length_3909467_cov_533.478_ID_22129	2974708	2976825	0.0	0.0	0.0	0.0	0.0	1.0	0.0	0.0	0.0
AUO97b_02111	NODE_1_length_3909467_cov_533.478_ID_22129	2114137	2115942	0.0	0.0	0.0	0.0	0.0	1.0	0.0	0.0	0.0
AUO97b_02003	NODE_1_length_3909467_cov_533.478_ID_22129	1999947	2001242	0.0	0.0	0.0	0.0	0.0	1.0	0.0	0.0	0.0
AUO97b_00249	NODE_1_length_3909467_cov_533.478_ID_22129	111543	112394	0.0	0.0	0.0	0.0	0.0	0.0	1.0	0.0	0.0
us_AUO97b_01524<>ds_AUO97b_01525	NODE_1_length_3909467_cov_533.478_ID_22129	1460059	1460449	0.0	0.0	0.0	0.0	0.0	0.0	1.0	0.0	0.0
AUO97b_03659	NODE_1_length_3909467_cov_533.478_ID_22129	3775712	3778018	0.0	0.0	0.0	0.0	0.0	0.0	1.0	0.0	0.0
us_AUO97b_00168<>ds_AUO97b_00169	NODE_1_length_3909467_cov_533.478_ID_22129	27803	28384	0.0	0.0	0.0	0.0	0.0	0.0	1.0	0.0	0.0
AUO97b_00250	NODE_1_length_3909467_cov_533.478_ID_22129	112424	112802	0.0	0.0	0.0	0.0	0.0	0.0	1.0	0.0	0.0
us_AUO97b_02319<>ds_AUO97b_02320	NODE_1_length_3909467_cov_533.478_ID_22129	2336689	2336810	0.0	0.0	0.0	0.0	0.0	0.0	1.0	0.0	0.0
us_AUO97b_00249<>ds_AUO97b_00250	NODE_1_length_3909467_cov_533.478_ID_22129	112395	112423	0.0	0.0	0.0	0.0	0.0	0.0	1.0	0.0	0.0
us_AUO97b_03189<>us_AUO97b_03190	NODE_1_length_3909467_cov_533.478_ID_22129	3305432	3305498	0.0	0.0	0.0	0.0	0.0	0.0	1.0	0.0	0.0
AUO97b_02268	NODE_1_length_3909467_cov_533.478_ID_22129	2280160	2282625	0.0	0.0	0.0	0.0	0.0	0.0	1.0	0.0	0.0
AUO97b_00251	NODE_1_length_3909467_cov_533.478_ID_22129	112811	113108	0.0	0.0	0.0	0.0	0.0	0.0	3.0	0.0	0.0
AUO97b_02888	NODE_1_length_3909467_cov_533.478_ID_22129	2965943	2966096	0.0	0.0	0.0	0.0	0.0	0.0	1.0	0.0	0.0
AUO97b_02147	NODE_1_length_3909467_cov_533.478_ID_22129	2154629	2155917	0.0	0.0	0.0	0.0	0.0	0.0	1.0	0.0	0.0
AUO97b_01146	NODE_1_length_3909467_cov_533.478_ID_22129	1036571	1040167	0.0	0.0	0.0	0.0	0.0	0.0	2.0	0.0	0.0
AUO97b_00161	NODE_1_length_3909467_cov_533.478_ID_22129	19442	21313	0.0	0.0	0.0	0.0	0.0	0.0	2.0	0.0	0.0
AUO97b_00519	NODE_1_length_3909467_cov_533.478_ID_22129	357376	360039	0.0	0.0	0.0	0.0	0.0	0.0	1.0	0.0	0.0
AUO97b_01970	NODE_1_length_3909467_cov_533.478_ID_22129	1958736	1959731	0.0	0.0	0.0	0.0	0.0	0.0	1.0	0.0	0.0
AUO97b_01053	NODE_1_length_3909467_cov_533.478_ID_22129	932316	933125	0.0	0.0	0.0	0.0	0.0	0.0	1.0	0.0	0.0
AUO97b_00252	NODE_1_length_3909467_cov_533.478_ID_22129	113551	113715	0.0	0.0	0.0	0.0	0.0	0.0	4.0	0.0	0.0
us_AUO97b_02103<>ds_AUO97b_02104	NODE_1_length_3909467_cov_533.478_ID_22129	2108620	2108740	0.0	0.0	0.0	0.0	0.0	0.0	1.0	0.0	0.0
AUO97b_00253	NODE_1_length_3909467_cov_533.478_ID_22129	113786	114121	0.0	0.0	0.0	0.0	0.0	0.0	2.0	0.0	0.0
AUO97b_02374	NODE_1_length_3909467_cov_533.478_ID_22129	2393139	2395712	0.0	0.0	0.0	0.0	0.0	0.0	1.0	0.0	0.0
AUO97b_00259	NODE_1_length_3909467_cov_533.478_ID_22129	118072	119283	0.0	0.0	0.0	0.0	0.0	0.0	0.0	1.0	0.0
AUO97b_01828	NODE_1_length_3909467_cov_533.478_ID_22129	1793474	1794262	0.0	0.0	0.0	0.0	0.0	0.0	0.0	1.0	0.0
AUO97b_02757	NODE_1_length_3909467_cov_533.478_ID_22129	2813823	2815539	0.0	0.0	0.0	0.0	0.0	0.0	0.0	1.0	0.0
ds_AUO97b_02075<>us_AUO97b_02076	NODE_1_length_3909467_cov_533.478_ID_22129	2076302	2076451	0.0	0.0	0.0	0.0	0.0	0.0	0.0	1.0	0.0
AUO97b_03596	NODE_1_length_3909467_cov_533.478_ID_22129	3713443	3714207	0.0	0.0	0.0	0.0	0.0	0.0	0.0	1.0	0.0
AUO97b_01665	NODE_1_length_3909467_cov_533.478_ID_22129	1616326	1618479	0.0	0.0	0.0	0.0	0.0	0.0	0.0	1.0	0.0
AUO97b_00630	NODE_1_length_3909467_cov_533.478_ID_22129	480024	481172	0.0	0.0	0.0	0.0	0.0	0.0	0.0	1.0	0.0
AUO97b_02986	NODE_1_length_3909467_cov_533.478_ID_22129	3064166	3065422	0.0	0.0	0.0	0.0	0.0	0.0	0.0	1.0	0.0
AUO97b_03237	NODE_1_length_3909467_cov_533.478_ID_22129	3348721	3349956	0.0	0.0	0.0	0.0	0.0	0.0	0.0	1.0	0.0
AUO97b_01070	NODE_1_length_3909467_cov_533.478_ID_22129	950561	952096	0.0	0.0	0.0	0.0	0.0	0.0	0.0	1.0	0.0
AUO97b_00755	NODE_1_length_3909467_cov_533.478_ID_22129	623157	625290	0.0	0.0	0.0	0.0	0.0	0.0	0.0	1.0	0.0
AUO97b_01429	NODE_1_length_3909467_cov_533.478_ID_22129	1354631	1357396	0.0	0.0	0.0	0.0	0.0	0.0	0.0	1.0	0.0
us_AUO97b_01982<>ds_AUO97b_01983	NODE_1_length_3909467_cov_533.478_ID_22129	1972189	1972438	0.0	0.0	0.0	0.0	0.0	0.0	0.0	1.0	0.0
us_AUO97b_01486<>us_AUO97b_01487	NODE_1_length_3909467_cov_533.478_ID_22129	1416821	1417119	0.0	0.0	0.0	0.0	0.0	0.0	0.0	1.0	0.0
AUO97b_03040	NODE_1_length_3909467_cov_533.478_ID_22129	3128455	3130065	0.0	0.0	0.0	0.0	0.0	0.0	0.0	0.0	1.0
AUO97b_02516	NODE_1_length_3909467_cov_533.478_ID_22129	2539627	2542314	0.0	0.0	0.0	0.0	0.0	0.0	0.0	0.0	1.0
AUO97b_01493	NODE_1_length_3909467_cov_533.478_ID_22129	1425634	1426836	0.0	0.0	0.0	0.0	0.0	0.0	0.0	0.0	1.0
AUO97b_02993	NODE_1_length_3909467_cov_533.478_ID_22129	3071609	3074371	0.0	0.0	0.0	0.0	0.0	0.0	0.0	0.0	1.0
AUO97b_02201	NODE_1_length_3909467_cov_533.478_ID_22129	2213425	2213783	0.0	0.0	0.0	0.0	0.0	0.0	0.0	0.0	1.0
AUO97b_00286	NODE_1_length_3909467_cov_533.478_ID_22129	144461	145039	0.0	0.0	0.0	0.0	0.0	0.0	0.0	0.0	1.0
AUO97b_02691	NODE_1_length_3909467_cov_533.478_ID_22129	2731463	2732374	0.0	0.0	0.0	0.0	0.0	0.0	0.0	0.0	1.0
AUO97b_00738	NODE_1_length_3909467_cov_533.478_ID_22129	606613	607269	0.0	0.0	0.0	0.0	0.0	0.0	0.0	0.0	1.0
AUO97b_00354	NODE_1_length_3909467_cov_533.478_ID_22129	216699	218555	0.0	0.0	0.0	0.0	0.0	0.0	0.0	0.0	1.0
ds_AUO97b_00838<>ds_AUO97b_00839	NODE_1_length_3909467_cov_533.478_ID_22129	709831	709935	0.0	0.0	0.0	0.0	0.0	0.0	0.0	0.0	2.0
AUO97b_00183	NODE_1_length_3909467_cov_533.478_ID_22129	41254	42039	0.0	0.0	0.0	0.0	0.0	0.0	0.0	0.0	1.0
us_AUO97b_00896<>ds_AUO97b_00897	NODE_1_length_3909467_cov_533.478_ID_22129	750517	750627	0.0	0.0	0.0	0.0	0.0	0.0	0.0	0.0	1.0
AUO97b_00302	NODE_1_length_3909467_cov_533.478_ID_22129	161842	163267	0.0	0.0	0.0	0.0	0.0	0.0	0.0	0.0	1.0
